0 0.725391 0.870139 0.425781 0.254167
0 0.676172 0.785417 0.327344 0.254167
0 0.629297 0.711111 0.250781 0.158333
0 0.607422 0.677083 0.208594 0.162500
0 0.592969 0.622222 0.192188 0.094444
0 0.536328 0.461806 0.153906 0.176389
0 0.311328 0.462500 0.121094 0.113889
0 0.258594 0.533333 0.059375 0.127778
0 0.041406 0.718750 0.065625 0.304167
0 0.078516 0.687500 0.099219 0.247222
0 0.130078 0.636111 0.072656 0.200000
0 0.162500 0.614583 0.060937 0.168056
0 0.185547 0.592361 0.072656 0.154167
0 0.216016 0.570139 0.055469 0.131944
0 0.244141 0.547917 0.046094 0.140278
0 0.025391 0.431250 0.042969 0.168056
0 0.061719 0.419444 0.035937 0.136111
0 0.114453 0.449306 0.060156 0.059722
0 0.815234 0.468750 0.128906 0.173611
0 0.758203 0.450000 0.099219 0.161111
0 0.697656 0.439583 0.025000 0.140278
0 0.675391 0.437500 0.017969 0.130556
0 0.660937 0.434722 0.015625 0.119444
0 0.936328 0.579167 0.024219 0.122222
0 0.930469 0.441667 0.045312 0.150000
0 0.889062 0.425694 0.042188 0.140278