0 0.778516 0.523611 0.135156 0.136111
0 0.811719 0.468750 0.117188 0.123611
0 0.831641 0.432639 0.119531 0.118056
0 0.849219 0.395833 0.104688 0.094444
0 0.870703 0.370833 0.102344 0.111111
0 0.886719 0.346528 0.092188 0.070833
0 0.897656 0.329167 0.084375 0.091667
0 0.918750 0.297222 0.064062 0.069444
0 0.612109 0.445833 0.099219 0.125000
0 0.635547 0.415278 0.094531 0.108333
0 0.658984 0.381250 0.092969 0.093056
0 0.685937 0.366667 0.095312 0.097222
0 0.705469 0.345139 0.082812 0.081944
0 0.719922 0.315972 0.085156 0.098611
0 0.483203 0.390972 0.097656 0.118056
0 0.518750 0.356944 0.095312 0.088889
0 0.542578 0.341667 0.080469 0.102778
0 0.571484 0.321528 0.080469 0.104167
0 0.591016 0.302083 0.061719 0.095833
0 0.393359 0.348611 0.074219 0.080556
0 0.422656 0.332639 0.062500 0.073611
0 0.444141 0.313889 0.053906 0.077778
0 0.476953 0.303472 0.055469 0.070833
0 0.270313 0.799306 0.103125 0.112500
0 0.305469 0.765278 0.082812 0.108333
0 0.334375 0.725694 0.084375 0.090278
0 0.373437 0.699306 0.076563 0.093056
0 0.401562 0.670833 0.078125 0.083333
0 0.425000 0.643056 0.062500 0.080556
0 0.455078 0.618750 0.055469 0.073611
0 0.476953 0.598611 0.053906 0.077778
0 0.496094 0.581944 0.043750 0.077778
0 0.517188 0.562500 0.045312 0.080556
0 0.473047 0.963889 0.108594 0.080556
0 0.505469 0.940972 0.093750 0.098611
0 0.540625 0.898611 0.092188 0.111111
0 0.574609 0.841667 0.091406 0.102778
0 0.604297 0.803472 0.088281 0.093056
0 0.625000 0.769444 0.092188 0.100000
0 0.651172 0.735417 0.078906 0.087500
0 0.669141 0.695139 0.075781 0.098611
0 0.115234 0.661806 0.080469 0.084722
0 0.149609 0.640278 0.075781 0.066667
0 0.171484 0.625694 0.063281 0.059722
0 0.206250 0.602778 0.053125 0.066667
0 0.234766 0.577083 0.052344 0.070833
0 0.260937 0.560417 0.053125 0.087500
0 0.292187 0.533333 0.050000 0.069444
0 0.315625 0.527083 0.046875 0.070833
0 0.337500 0.508333 0.039062 0.063889
0 0.362109 0.495139 0.033594 0.065278
0 0.377734 0.481250 0.041406 0.059722
0 0.031250 0.588889 0.035937 0.044444
0 0.056250 0.572222 0.048438 0.055556
0 0.085156 0.554167 0.050000 0.058333
0 0.109766 0.541667 0.039844 0.052778
0 0.135156 0.525694 0.040625 0.062500
0 0.162500 0.510417 0.042188 0.056944
0 0.185938 0.496528 0.037500 0.054167
0 0.211719 0.478472 0.029687 0.043056
0 0.233203 0.470139 0.038281 0.056944
0 0.253516 0.455556 0.030469 0.061111
0 0.274219 0.439583 0.031250 0.059722
0 0.296094 0.431250 0.025000 0.054167
0 0.200781 0.363889 0.042188 0.066667
0 0.170703 0.383333 0.032031 0.069444
0 0.153906 0.394444 0.025000 0.061111
0 0.128516 0.402083 0.025781 0.070833
0 0.106250 0.414583 0.029687 0.076389
0 0.085547 0.420833 0.025781 0.066667
0 0.063672 0.431944 0.041406 0.047222
0 0.042188 0.447222 0.050000 0.058333
0 0.082031 0.343056 0.039062 0.063889
0 0.047656 0.355556 0.046875 0.050000
0 0.018750 0.360417 0.021875 0.059722
0 0.288672 0.305556 0.033594 0.061111
0 0.311719 0.300000 0.029687 0.063889
0 0.343750 0.282639 0.046875 0.048611
0 0.371094 0.265278 0.046875 0.033333
0 0.402344 0.252083 0.035937 0.051389