0 0.843359 0.911806 0.210156 0.156944
0 0.806250 0.829861 0.285938 0.318056
0 0.731250 0.791667 0.220312 0.333333
0 0.696875 0.729861 0.200000 0.268056
0 0.652734 0.681944 0.194531 0.241667
0 0.844922 0.468750 0.146094 0.193056
0 0.754297 0.456944 0.030469 0.175000
0 0.722266 0.448611 0.033594 0.152778
0 0.694922 0.438889 0.017969 0.144444
0 0.675781 0.429861 0.017188 0.137500
0 0.664453 0.437500 0.017969 0.111111
0 0.559766 0.447222 0.157031 0.138889
0 0.305078 0.449306 0.167969 0.173611
0 0.036328 0.670833 0.060156 0.241667
0 0.080469 0.641667 0.079687 0.188889
0 0.119922 0.616667 0.086719 0.177778
0 0.165625 0.594444 0.057813 0.155556
0 0.193750 0.576389 0.048438 0.127778
0 0.217578 0.561806 0.042969 0.120833
0 0.241797 0.545833 0.038281 0.122222
0 0.085547 0.453472 0.130469 0.137500
0 0.167969 0.461111 0.026562 0.094444
0 0.192578 0.454861 0.019531 0.081944
0 0.211328 0.447917 0.014844 0.073611
0 0.405859 0.454861 0.025781 0.084722