0 0.196094 0.570833 0.303125 0.847222
0 0.401562 0.399306 0.240625 0.745833
0 0.535937 0.331250 0.145313 0.568056
0 0.586719 0.325000 0.123438 0.369444
0 0.640234 0.306944 0.075781 0.350000
0 0.709766 0.263889 0.069531 0.263889
0 0.753125 0.258333 0.026562 0.227778
0 0.772266 0.260417 0.033594 0.190278
0 0.797656 0.379861 0.073438 0.195833
0 0.849609 0.332639 0.049219 0.118056
0 0.889844 0.416667 0.081250 0.163889
0 0.930469 0.373611 0.048438 0.180556
0 0.856250 0.813889 0.090625 0.208333
0 0.929297 0.767361 0.039844 0.181944
0 0.252734 0.371528 0.052344 0.068056
0 0.193359 0.382639 0.036719 0.079167
0 0.424219 0.354167 0.039062 0.105556
0 0.438281 0.310417 0.026562 0.073611
0 0.288672 0.331250 0.027344 0.076389
0 0.255078 0.297222 0.027344 0.075000
0 0.219531 0.316667 0.035937 0.058333
0 0.196094 0.289583 0.032813 0.073611
0 0.658984 0.277778 0.025781 0.047222
1 0.684375 0.473611 0.021875 0.088889
