0 0.744141 0.606250 0.114844 0.359722
0 0.851172 0.440278 0.069531 0.194444
0 0.945312 0.482639 0.015625 0.148611
0 0.910937 0.327083 0.059375 0.151389
0 0.931641 0.217361 0.033594 0.073611
0 0.889844 0.209722 0.037500 0.077778
0 0.851172 0.198611 0.033594 0.072222
0 0.816406 0.196528 0.032813 0.062500
0 0.756641 0.175000 0.027344 0.055556
0 0.727344 0.169444 0.025000 0.052778
0 0.699219 0.165278 0.021875 0.050000
0 0.678906 0.155556 0.020313 0.036111
0 0.659375 0.163194 0.018750 0.048611
0 0.641406 0.157639 0.012500 0.040278
0 0.826562 0.111111 0.032813 0.050000
0 0.875000 0.109028 0.039062 0.045833
0 0.825781 0.290278 0.064062 0.144444
0 0.748047 0.272222 0.055469 0.130556
0 0.685156 0.246528 0.050000 0.095833
0 0.648438 0.234722 0.029687 0.075000
0 0.694531 0.370139 0.071875 0.151389
0 0.769141 0.385417 0.083594 0.156944
0 0.648828 0.325694 0.032031 0.101389
0 0.655469 0.500694 0.117188 0.212500
0 0.424609 0.782639 0.186719 0.326389
0 0.345703 0.647222 0.152344 0.252778
0 0.287500 0.561806 0.146875 0.237500
0 0.248047 0.500000 0.130469 0.219444
0 0.216406 0.449306 0.123438 0.179167
0 0.184375 0.408333 0.128125 0.186111
0 0.143359 0.349306 0.105469 0.187500
0 0.290625 0.265972 0.071875 0.118056
0 0.313672 0.286806 0.047656 0.115278
0 0.339453 0.313889 0.058594 0.130556
0 0.374609 0.334028 0.035156 0.143056
0 0.344922 0.179861 0.027344 0.101389
0 0.364453 0.201389 0.032031 0.088889