0 0.259375 0.912500 0.084375 0.152778
0 0.311719 0.884722 0.075000 0.116667
0 0.363672 0.867361 0.075781 0.134722
0 0.419141 0.834722 0.083594 0.125000
0 0.467969 0.815278 0.090625 0.138889
0 0.509766 0.792361 0.086719 0.126389
0 0.552344 0.771528 0.082812 0.118056
0 0.593359 0.754167 0.085156 0.125000
0 0.808594 0.610417 0.153125 0.220833
0 0.867578 0.572222 0.127344 0.169444
0 0.905078 0.540972 0.096094 0.154167
0 0.659766 0.487500 0.100781 0.166667
0 0.716406 0.461806 0.103125 0.140278
0 0.756250 0.440278 0.092188 0.136111
0 0.796484 0.427083 0.094531 0.129167
0 0.837109 0.406944 0.083594 0.111111
0 0.870313 0.400000 0.085938 0.119444
0 0.905859 0.379861 0.086719 0.123611
0 0.560547 0.399306 0.092969 0.118056
0 0.605859 0.386111 0.083594 0.102778
0 0.657031 0.370833 0.067187 0.094444
0 0.689063 0.352778 0.084375 0.108333
0 0.720313 0.331944 0.075000 0.097222
0 0.762500 0.327083 0.048438 0.081944
0 0.797266 0.318056 0.046094 0.072222
0 0.828516 0.313889 0.052344 0.066667
0 0.855469 0.310417 0.065625 0.070833
0 0.492188 0.345139 0.070312 0.079167
0 0.530469 0.327083 0.050000 0.070833
0 0.575781 0.320833 0.056250 0.075000
0 0.603906 0.310417 0.064062 0.084722
0 0.630859 0.299306 0.050781 0.068056
0 0.664062 0.288194 0.053125 0.065278
0 0.691797 0.281944 0.053906 0.075000
0 0.731641 0.271528 0.064844 0.059722
0 0.422266 0.288889 0.028906 0.061111
0 0.452734 0.281250 0.028906 0.065278
0 0.485938 0.273611 0.057813 0.052778
0 0.528906 0.272917 0.037500 0.040278
0 0.557031 0.256944 0.051562 0.044444
0 0.517969 0.566667 0.040625 0.097222
0 0.485938 0.584028 0.034375 0.068056
0 0.457813 0.589583 0.035937 0.073611
0 0.423438 0.606944 0.023438 0.058333
0 0.394922 0.617361 0.030469 0.076389
0 0.365625 0.636111 0.046875 0.091667
0 0.325000 0.654167 0.043750 0.094444
0 0.284766 0.668056 0.055469 0.077778
0 0.241016 0.698611 0.047656 0.091667
0 0.181250 0.693750 0.073438 0.118056
0 0.111719 0.543750 0.059375 0.081944
0 0.151953 0.545833 0.057031 0.102778
0 0.178125 0.538889 0.059375 0.066667
0 0.210938 0.529861 0.048438 0.081944
0 0.242578 0.519444 0.042969 0.069444
0 0.278906 0.502778 0.043750 0.080556
0 0.303125 0.496528 0.051562 0.059722
0 0.331641 0.486111 0.046094 0.091667
0 0.362891 0.483333 0.042969 0.063889
0 0.394922 0.472222 0.035156 0.058333
0 0.418359 0.472917 0.044531 0.054167
0 0.093750 0.465278 0.034375 0.033333
0 0.118750 0.476389 0.021875 0.027778
0 0.133984 0.459722 0.030469 0.047222
0 0.163672 0.451389 0.039844 0.061111
0 0.189062 0.438889 0.032813 0.072222
0 0.214844 0.432639 0.035937 0.059722
0 0.242969 0.428472 0.034375 0.054167
0 0.265625 0.423611 0.028125 0.050000
0 0.289453 0.414583 0.032031 0.068056
0 0.319922 0.409722 0.038281 0.063889
0 0.348047 0.393750 0.027344 0.068056
0 0.366797 0.391667 0.025781 0.066667
0 0.026562 0.386111 0.043750 0.058333
0 0.062109 0.380556 0.033594 0.052778
0 0.086719 0.377083 0.037500 0.068056
0 0.114062 0.363889 0.035937 0.061111
0 0.143359 0.361111 0.028906 0.058333
0 0.173828 0.354861 0.035156 0.068056
0 0.199609 0.350694 0.033594 0.065278
0 0.223828 0.345833 0.030469 0.061111
0 0.239844 0.338889 0.034375 0.063889
0 0.263281 0.330556 0.018750 0.055556
0 0.278906 0.327778 0.034375 0.072222
0 0.313672 0.325694 0.039844 0.065278
0 0.229687 0.272917 0.031250 0.056944
0 0.193359 0.284028 0.041406 0.068056
0 0.166016 0.288889 0.038281 0.063889
0 0.133984 0.291667 0.022656 0.047222
0 0.103516 0.304167 0.038281 0.052778
0 0.066016 0.307639 0.024219 0.056944
0 0.032031 0.318056 0.020313 0.050000
0 0.154688 0.240972 0.053125 0.062500
0 0.104297 0.250000 0.036719 0.058333
0 0.066797 0.255556 0.033594 0.052778
0 0.021875 0.264583 0.028125 0.048611
0 0.051562 0.200694 0.034375 0.051389
0 0.020703 0.215278 0.028906 0.052778