0 0.878125 0.933333 0.131250 0.133333
0 0.291797 0.456944 0.375781 0.905556
0 0.482812 0.347222 0.178125 0.661111
0 0.553516 0.350694 0.149219 0.423611
0 0.624609 0.308333 0.083594 0.402778
0 0.380078 0.372917 0.066406 0.131944
0 0.337891 0.309722 0.049219 0.102778
0 0.113281 0.392361 0.062500 0.118056
0 0.059766 0.397222 0.052344 0.144444
0 0.118359 0.790972 0.225781 0.401389
0 0.366016 0.275694 0.027344 0.090278
0 0.105469 0.286111 0.039062 0.061111
0 0.075391 0.317361 0.027344 0.062500
0 0.064844 0.274306 0.025000 0.048611
0 0.914453 0.429861 0.072656 0.165278
1 0.367969 0.490972 0.023438 0.079167
1 0.355078 0.622222 0.017969 0.066667
