0 0.482812 0.817361 0.368750 0.348611
0 0.480078 0.575694 0.282031 0.204167
0 0.483594 0.461806 0.237500 0.179167
0 0.491406 0.385417 0.200000 0.173611
0 0.498437 0.311806 0.200000 0.129167
0 0.493359 0.236806 0.161719 0.070833
0 0.492188 0.185417 0.146875 0.065278
0 0.495312 0.160417 0.137500 0.070833
0 0.498828 0.127778 0.132031 0.066667
0 0.499609 0.097222 0.111719 0.058333
0 0.501953 0.062500 0.100781 0.061111
0 0.926562 0.758333 0.056250 0.391667
0 0.889844 0.579167 0.117188 0.316667
0 0.864062 0.449306 0.173437 0.293056
0 0.832031 0.345833 0.185938 0.230556
0 0.790625 0.286806 0.168750 0.212500
0 0.760547 0.234028 0.125781 0.162500
0 0.694922 0.193750 0.021094 0.140278
0 0.706250 0.134028 0.107813 0.112500
0 0.683594 0.095139 0.090625 0.098611
0 0.658984 0.073611 0.061719 0.091667
0 0.923828 0.052083 0.027344 0.051389
0 0.943359 0.063889 0.021094 0.052778
0 0.310156 0.173611 0.117188 0.116667
0 0.293359 0.215972 0.117969 0.098611
0 0.265625 0.245139 0.129688 0.109722
0 0.246094 0.272917 0.134375 0.076389
0 0.215234 0.322917 0.213281 0.165278
0 0.155078 0.392361 0.230469 0.198611
0 0.124609 0.489583 0.230469 0.184722
0 0.106250 0.622222 0.196875 0.225000
0 0.063281 0.811806 0.117188 0.248611
0 0.075781 0.234028 0.137500 0.120833
0 0.049609 0.266667 0.096094 0.105556
0 0.031641 0.333333 0.053906 0.105556