0 0.894922 0.428472 0.058594 0.062500
0 0.869531 0.407639 0.042188 0.059722
0 0.853125 0.393056 0.051562 0.066667
0 0.794141 0.315278 0.036719 0.050000
0 0.641406 0.524306 0.115625 0.106944
0 0.639844 0.468056 0.085938 0.063889
0 0.624609 0.435417 0.082031 0.062500
0 0.684766 0.684722 0.064844 0.094444
0 0.693359 0.722222 0.057031 0.075000
0 0.699219 0.761111 0.065625 0.080556
0 0.718750 0.793750 0.064062 0.084722
0 0.725391 0.831944 0.064844 0.080556
0 0.735547 0.884722 0.066406 0.088889
0 0.758594 0.938194 0.068750 0.062500
0 0.780859 0.977778 0.069531 0.027778
0 0.500781 0.961806 0.106250 0.076389
0 0.490234 0.903472 0.089844 0.081944
0 0.492578 0.836806 0.067969 0.062500
0 0.489844 0.799306 0.073438 0.051389
0 0.488672 0.757639 0.063281 0.048611
0 0.486719 0.724306 0.053125 0.048611
0 0.486328 0.690278 0.052344 0.044444
0 0.488281 0.651389 0.045312 0.041667
0 0.484766 0.520833 0.091406 0.111111
0 0.481250 0.472222 0.076563 0.075000
0 0.342969 0.506250 0.089063 0.095833
0 0.354687 0.468056 0.082812 0.066667
0 0.358203 0.440972 0.075781 0.056944
0 0.359766 0.406250 0.071094 0.062500
0 0.321094 0.634722 0.064062 0.072222
0 0.224609 0.947222 0.099219 0.097222
0 0.243750 0.918750 0.087500 0.051389
0 0.252734 0.883333 0.078906 0.075000
0 0.254688 0.850694 0.064062 0.059722
0 0.268750 0.812500 0.046875 0.050000
0 0.271094 0.783333 0.060937 0.038889
0 0.282031 0.747917 0.042188 0.045833
0 0.286719 0.717361 0.045312 0.043056
0 0.298828 0.688889 0.049219 0.033333
0 0.307031 0.662500 0.048438 0.041667
0 0.053125 0.950694 0.065625 0.079167
0 0.066797 0.914583 0.066406 0.059722
0 0.078125 0.875694 0.071875 0.037500
0 0.091406 0.840972 0.050000 0.059722
0 0.108203 0.797917 0.064844 0.059722
0 0.123828 0.751389 0.052344 0.047222
0 0.135156 0.727778 0.035937 0.058333
0 0.142187 0.700000 0.039062 0.050000
0 0.157031 0.682639 0.045312 0.065278
0 0.166406 0.654861 0.042188 0.054167
0 0.173828 0.638194 0.036719 0.054167
0 0.187891 0.625000 0.042969 0.066667
0 0.219922 0.508333 0.074219 0.061111
0 0.238672 0.475000 0.066406 0.063889
0 0.248438 0.447917 0.054688 0.062500
0 0.072656 0.495139 0.056250 0.087500
0 0.090234 0.468750 0.049219 0.073611
0 0.106250 0.447222 0.042188 0.058333
0 0.122266 0.432639 0.035156 0.040278
0 0.037109 0.590972 0.063281 0.056944
0 0.481250 0.415972 0.082812 0.043056
0 0.768359 0.176389 0.032031 0.036111
0 0.845703 0.367361 0.046094 0.048611
0 0.832031 0.353472 0.045312 0.056944
0 0.816406 0.339583 0.045312 0.059722