0 0.510547 0.425000 0.346094 0.705556
0 0.634375 0.354167 0.076563 0.372222
0 0.658203 0.356250 0.058594 0.329167
0 0.679688 0.338889 0.040625 0.269444
0 0.909766 0.627778 0.085156 0.236111
0 0.884766 0.511806 0.108594 0.145833
0 0.815234 0.411806 0.055469 0.090278
0 0.859375 0.406250 0.059375 0.087500
0 0.762500 0.408333 0.034375 0.091667
0 0.587891 0.379861 0.038281 0.087500
0 0.547656 0.364583 0.020313 0.051389
0 0.848047 0.489583 0.039844 0.054167
1 0.526172 0.565278 0.016406 0.050000
1 0.051953 0.907639 0.039844 0.184722
