0 0.307031 0.493750 0.367188 0.931944
0 0.703125 0.416667 0.068750 0.147222
0 0.647266 0.437500 0.072656 0.150000
0 0.585938 0.456250 0.065625 0.165278
0 0.529297 0.496528 0.071094 0.176389
0 0.441797 0.534722 0.099219 0.191667
0 0.166406 0.565278 0.114062 0.072222
0 0.078125 0.673611 0.145313 0.211111
0 0.925391 0.222222 0.057031 0.197222
0 0.670312 0.322222 0.079687 0.083333
0 0.722656 0.300694 0.057813 0.079167
0 0.757812 0.293056 0.048438 0.088889
0 0.790234 0.280556 0.049219 0.083333
0 0.818750 0.268750 0.051562 0.081944
0 0.848047 0.257639 0.052344 0.073611
0 0.869531 0.256944 0.042188 0.077778
0 0.892188 0.246528 0.039062 0.062500
0 0.533594 0.316667 0.057813 0.094444
0 0.582422 0.297917 0.058594 0.087500
0 0.624219 0.285417 0.050000 0.073611
0 0.288281 0.424306 0.068750 0.112500
0 0.226172 0.453472 0.088281 0.129167
0 0.144141 0.468056 0.085156 0.127778
0 0.066797 0.502083 0.091406 0.134722
0 0.284766 0.340972 0.039844 0.073611
0 0.243359 0.360417 0.027344 0.056944
0 0.198047 0.375694 0.044531 0.059722
0 0.154297 0.380556 0.036719 0.055556
0 0.109375 0.388889 0.040625 0.041667
0 0.057422 0.403472 0.049219 0.056944
0 0.018750 0.433333 0.031250 0.097222
0 0.513281 0.892361 0.385937 0.215278