0 0.818750 0.628472 0.053125 0.112500
0 0.866016 0.650694 0.058594 0.126389
0 0.917969 0.670833 0.062500 0.127778
0 0.789062 0.848611 0.068750 0.150000
0 0.852734 0.876389 0.080469 0.163889
0 0.919922 0.911806 0.066406 0.159722
0 0.827344 0.509722 0.037500 0.086111
0 0.857422 0.513889 0.035156 0.077778
0 0.891406 0.525694 0.035937 0.081944
0 0.925000 0.540972 0.042188 0.068056
0 0.948438 0.547222 0.009375 0.055556
0 0.831250 0.438194 0.029687 0.043056
0 0.857422 0.445833 0.021094 0.052778
0 0.879297 0.455556 0.025781 0.052778
0 0.907031 0.463889 0.032813 0.061111
0 0.936328 0.475694 0.033594 0.062500
0 0.806641 0.364583 0.033594 0.065278
0 0.837500 0.370139 0.028125 0.059722
0 0.866016 0.382639 0.030469 0.059722
0 0.896094 0.385417 0.028125 0.068056
0 0.923438 0.399306 0.032813 0.062500
0 0.944922 0.397917 0.014844 0.054167
0 0.876563 0.331944 0.031250 0.044444
0 0.912109 0.338194 0.028906 0.048611
0 0.939063 0.347222 0.021875 0.044444
0 0.847266 0.318750 0.030469 0.045833
0 0.862891 0.288889 0.032031 0.038889
0 0.903125 0.299306 0.037500 0.037500
0 0.937109 0.306250 0.032031 0.031944
0 0.865625 0.252778 0.028125 0.044444
0 0.891406 0.259028 0.026562 0.045833
0 0.913672 0.263194 0.030469 0.048611
0 0.473438 0.209722 0.026562 0.044444
0 0.496094 0.209028 0.017188 0.037500
0 0.523047 0.219444 0.019531 0.033333
0 0.514453 0.184722 0.024219 0.038889
0 0.491406 0.172222 0.015625 0.027778