0 0.482812 0.722917 0.310937 0.320833
0 0.482422 0.479167 0.266406 0.191667
0 0.482812 0.341667 0.234375 0.163889
0 0.492188 0.234722 0.204687 0.133333
0 0.490234 0.154861 0.183594 0.129167
0 0.495703 0.087500 0.164844 0.122222
0 0.498047 0.042361 0.150781 0.070833
0 0.913672 0.665972 0.075781 0.329167
0 0.880859 0.468750 0.135156 0.287500
0 0.856641 0.318056 0.178906 0.258333
0 0.827734 0.202083 0.177344 0.240278
0 0.791797 0.118750 0.161719 0.206944
0 0.709766 0.071528 0.021094 0.126389
0 0.089063 0.704861 0.165625 0.284722
0 0.112500 0.511806 0.214062 0.193056
0 0.133594 0.381250 0.242188 0.159722
0 0.169141 0.269444 0.227344 0.188889
0 0.223047 0.202778 0.214844 0.200000
0 0.245703 0.115972 0.130469 0.093056
0 0.271484 0.068056 0.150781 0.105556
0 0.283594 0.045833 0.135937 0.061111
0 0.081250 0.060417 0.150000 0.112500
0 0.058594 0.113194 0.103125 0.115278
0 0.040234 0.183333 0.066406 0.105556
0 0.018359 0.247917 0.024219 0.095833