0 0.142578 0.839583 0.092969 0.237500
0 0.203125 0.881944 0.067187 0.213889
0 0.263672 0.902083 0.063281 0.184722
0 0.323437 0.920139 0.065625 0.143056
0 0.403516 0.950694 0.025781 0.079167
0 0.289062 0.588194 0.045312 0.148611
0 0.319922 0.615278 0.038281 0.138889
0 0.352734 0.634722 0.036719 0.125000
0 0.387891 0.654167 0.044531 0.136111
0 0.435156 0.673611 0.048438 0.147222
0 0.478516 0.697917 0.055469 0.162500
0 0.530469 0.724306 0.054688 0.173611
0 0.582812 0.754167 0.054688 0.186111
0 0.635938 0.784028 0.051562 0.179167
0 0.699609 0.811111 0.049219 0.197222
0 0.765625 0.847917 0.056250 0.206944
0 0.838672 0.877083 0.072656 0.218056
0 0.134375 0.479861 0.128125 0.148611
0 0.087109 0.457639 0.111719 0.148611
0 0.032031 0.452778 0.053125 0.102778
0 0.462109 0.464583 0.028906 0.084722
0 0.489844 0.475694 0.023438 0.109722
0 0.521484 0.499306 0.027344 0.084722
0 0.554297 0.515278 0.030469 0.086111
0 0.588672 0.528472 0.027344 0.095833
0 0.624609 0.536111 0.033594 0.097222
0 0.660156 0.554861 0.029687 0.106944
0 0.695312 0.568750 0.031250 0.101389
0 0.735547 0.582639 0.032031 0.115278
0 0.772656 0.612500 0.028125 0.088889
0 0.809375 0.629861 0.025000 0.087500
0 0.843750 0.650694 0.021875 0.079167
0 0.550781 0.393056 0.029687 0.077778
0 0.583203 0.402778 0.027344 0.077778
0 0.611719 0.412500 0.020313 0.069444
0 0.646094 0.422222 0.025000 0.083333
0 0.678125 0.435417 0.023438 0.087500
0 0.714453 0.443056 0.028906 0.077778
0 0.747656 0.456250 0.026562 0.087500
0 0.782813 0.468750 0.021875 0.084722
0 0.823828 0.484028 0.027344 0.095833
0 0.858984 0.496528 0.032031 0.104167
0 0.898438 0.511806 0.031250 0.109722
0 0.645703 0.315278 0.022656 0.080556
0 0.673438 0.315278 0.021875 0.072222
0 0.696875 0.325694 0.018750 0.065278
0 0.723047 0.338194 0.021094 0.079167
0 0.755078 0.347222 0.019531 0.077778
0 0.784766 0.346528 0.032031 0.087500
0 0.822266 0.354167 0.025781 0.069444
0 0.858984 0.370139 0.028906 0.073611
0 0.895703 0.382639 0.033594 0.073611
0 0.936328 0.399306 0.028906 0.073611
0 0.743750 0.256944 0.023438 0.050000
0 0.778516 0.260417 0.027344 0.062500
0 0.807813 0.270833 0.021875 0.058333
0 0.838672 0.279861 0.027344 0.068056
0 0.869922 0.286806 0.025781 0.070833
0 0.908203 0.288889 0.025781 0.088889
0 0.938672 0.301389 0.022656 0.069444
0 0.944922 0.201389 0.019531 0.063889
0 0.306250 0.390972 0.045312 0.090278
0 0.258594 0.363194 0.050000 0.095833
0 0.221875 0.355556 0.045312 0.091667
0 0.182031 0.329167 0.037500 0.091667
0 0.143750 0.318056 0.039062 0.088889
0 0.108203 0.300694 0.032031 0.095833
0 0.077734 0.290278 0.033594 0.094444
0 0.045703 0.268750 0.027344 0.090278
0 0.114844 0.217361 0.025000 0.090278
0 0.139453 0.223611 0.035156 0.077778
0 0.177344 0.234722 0.032813 0.080556
0 0.211719 0.246528 0.031250 0.081944
0 0.243750 0.259028 0.039062 0.087500
0 0.280469 0.277083 0.043750 0.109722
0 0.325000 0.295833 0.042188 0.094444
0 0.363281 0.303472 0.040625 0.115278
0 0.409766 0.322222 0.041406 0.113889
0 0.502734 0.256250 0.041406 0.084722
0 0.580859 0.207639 0.033594 0.084722
0 0.537109 0.192361 0.035156 0.084722
0 0.489063 0.181250 0.034375 0.087500
0 0.443359 0.167361 0.038281 0.084722
0 0.399609 0.154861 0.032031 0.081944
0 0.363672 0.142361 0.028906 0.087500
0 0.330469 0.136111 0.028125 0.058333
0 0.453906 0.248611 0.040625 0.091667
0 0.414453 0.234722 0.041406 0.088889
0 0.378516 0.218750 0.039844 0.076389
0 0.341406 0.212500 0.037500 0.083333
0 0.306641 0.198611 0.047656 0.080556
0 0.269922 0.182639 0.036719 0.076389
0 0.241016 0.175694 0.032031 0.068056
0 0.210156 0.172917 0.031250 0.068056
0 0.178516 0.163194 0.030469 0.068056
0 0.150781 0.150694 0.026562 0.062500
0 0.120703 0.140278 0.032031 0.072222
0 0.092188 0.134028 0.026562 0.076389
0 0.164062 0.100694 0.026562 0.068056
0 0.186328 0.106250 0.035156 0.065278
0 0.214453 0.113889 0.032031 0.069444
0 0.240234 0.117361 0.025781 0.062500
0 0.268359 0.126389 0.032031 0.072222
0 0.444922 0.081250 0.022656 0.062500
0 0.467969 0.072222 0.026562 0.072222
0 0.491406 0.087500 0.020313 0.069444
0 0.516016 0.096528 0.025781 0.059722
0 0.539062 0.095833 0.020313 0.055556
0 0.569922 0.095833 0.033594 0.058333
0 0.403516 0.069444 0.027344 0.058333
0 0.382031 0.068056 0.015625 0.044444
0 0.365234 0.066667 0.017969 0.050000
0 0.348438 0.062500 0.017188 0.036111
0 0.334375 0.061111 0.015625 0.036111
0 0.321094 0.059722 0.014063 0.041667
0 0.308984 0.056250 0.017969 0.043056
0 0.293750 0.059028 0.014063 0.037500
0 0.282813 0.054167 0.010937 0.027778
0 0.272656 0.053472 0.017188 0.037500
0 0.725391 0.094444 0.080469 0.066667