0 0.529687 0.340972 0.237500 0.468056
0 0.597266 0.260417 0.060156 0.245833
0 0.827734 0.467361 0.119531 0.179167
0 0.917969 0.464583 0.075000 0.176389
0 0.930078 0.703472 0.044531 0.212500
0 0.763281 0.345139 0.071875 0.059722
0 0.818359 0.357639 0.044531 0.098611
0 0.866797 0.371528 0.044531 0.093056
0 0.913281 0.368750 0.053125 0.093056
0 0.672266 0.272917 0.033594 0.090278
0 0.710156 0.280556 0.037500 0.077778
0 0.743359 0.278472 0.039844 0.070833
1 0.288672 0.680556 0.027344 0.127778
1 0.237891 0.754861 0.028906 0.165278
